22064,04,06,12,13,17,31,16,2025619908,12,6498426,81,277486,340689068,2022-06-07
22063,06,08,09,17,22,31,11,2036171824,20,5417818,181,57709,360023818,2022-06-05
22062,16,18,20,21,23,33,05,2113191829,5,8563331,69,322765,329515310,2022-06-02
22061,01,03,16,18,29,33,06,2089196019,3,10000000,64,389348,331252342,2022-05-31
22060,16,18,19,24,28,32,01,2044441141,3,10000000,80,370919,361140396,2022-05-29
22059,06,09,18,19,29,33,06,1985420373,20,5714126,216,82653,340378840,2022-05-26
22058,06,13,14,23,31,33,01,2046143432,10,6841671,126,182705,336926030,2022-05-24
22057,12,15,20,26,30,33,16,2045497453,3,10000000,78,304574,378857894,2022-05-22
22056,01,06,11,14,17,26,15,2004226992,6,8799261,162,175891,352329270,2022-05-19
22055,02,04,09,26,28,33,03,1971539174,4,9562440,77,296262,350153658,2022-05-17
22054,08,12,21,27,28,33,11,1941352325,21,5000000,92,6000,391678014,2022-05-15
22053,10,14,18,23,27,33,15,2046352325,4,10000000,81,366853,356510652,2022-05-12
22052,07,24,27,29,31,32,15,1997206997,4,10000000,61,467706,359187786,2022-05-10
22051,02,05,11,17,21,33,01,1951616776,5,9343551,114,238133,389679034,2022-05-08
22050,03,05,08,14,27,33,08,1916892944,16,6080345,141,153240,363371278,2022-05-05
22049,02,04,07,18,25,26,10,1949357745,0,0,127,175848,337463590,2022-05-03
22048,05,07,17,20,26,31,14,1882359418,4,10000000,180,165454,357972850,2022-05-01
22047,03,07,08,14,27,30,09,1833014021,21,5625122,128,128199,360230056,2022-04-28
22046,02,11,24,25,27,30,14,1901913181,9,7489274,132,212154,358743356,2022-04-26
22045,03,12,17,18,19,28,04,1885303642,7,7472273,182,118859,389120778,2022-04-24
22044,01,07,08,21,23,29,06,1872712376,11,6476085,123,165009,362459788,2022-04-21
22043,02,17,20,23,25,27,08,1883060805,9,6718875,54,358098,350215018,2022-04-19
22042,05,10,11,21,22,30,13,1885518647,10,7059021,175,147072,376726628,2022-04-17
22041,05,07,21,22,24,29,14,1878895566,4,10000000,57,504454,348280000,2022-04-14
22040,03,12,14,16,31,33,12,1832633915,15,5830283,119,130821,343211044,2022-04-12
22039,02,06,07,10,15,20,05,1873384741,5,9112790,177,145225,375104494,2022-04-10
22038,09,12,13,16,24,32,04,1841833878,5,8932134,67,366803,348860576,2022-04-07
22037,01,10,13,20,22,32,14,1812767035,3,10000000,74,372366,332623306,2022-04-05
22036,02,03,14,16,26,31,02,1760101650,7,8039081,110,241745,362126634,2022-04-03
22035,08,12,13,19,23,25,15,1736599330,8,7126487,169,125827,353577746,2022-03-31
22034,14,17,26,31,32,33,10,1729816605,9,7033420,49,466856,361289854,2022-03-29
22033,05,12,19,22,25,26,05,1724489453,11,6853773,192,132757,392018786,2022-03-27
22032,04,10,11,14,23,32,07,1723412804,7,8228322,54,523107,365937174,2022-03-24
22031,01,10,11,22,26,32,07,1696267600,28,5507246,296,59978,353060708,2022-03-22
22030,12,23,24,26,27,30,05,1797209652,18,5942310,55,385490,376910184,2022-03-20
22029,03,08,10,13,26,32,08,1840565291,10,6314985,105,156545,354275468,2022-03-17
22028,05,11,20,22,23,29,09,1854403191,9,6991710,330,67899,359741624,2022-03-15
22027,14,15,18,19,26,32,09,1850108360,3,10000000,74,270324,407429120,2022-03-13
22026,03,04,10,15,22,24,02,1820096321,10,7519808,129,244167,390646552,2022-03-10
22025,06,19,24,25,28,32,04,1800801596,1,10000000,98,261907,380028752,2022-03-08
22024,07,09,10,14,19,24,15,1733800692,2,10000000,154,187504,412478136,2022-03-06
22023,07,12,17,19,24,25,02,1667173674,9,7444170,98,280580,386299738,2022-03-03
22022,01,07,11,15,17,19,06,1651680455,9,6751389,162,121624,374172850,2022-03-01
22021,03,07,22,24,26,31,14,1653333569,16,6650843,74,446173,413793268,2022-02-27
22020,09,11,14,22,30,32,01,1660696455,1,10000000,52,533809,376104336,2022-02-24
22019,05,06,14,20,21,25,08,1587422145,13,6113016,123,147044,374092592,2022-02-22
22018,07,11,16,17,30,32,16,1612631799,2,10000000,178,169901,392699896,2022-02-20
22017,06,09,24,29,30,32,07,1541904440,5,8716688,162,143390,367332144,2022-02-17
22016,05,10,19,20,29,31,14,1515799969,15,6190322,336,66424,370604868,2022-02-15
22015,06,14,16,27,28,31,07,1541699154,9,6685876,95,199643,387014176,2022-02-13
22014,06,07,13,14,15,27,04,1544973715,7,7794467,469,52135,353937416,2022-02-10
22013,02,03,04,07,10,18,15,1526180218,2,10000000,133,221005,376000418,2022-02-08
22012,04,07,08,29,30,31,01,1457999052,9,7305724,193,134401,432967098,2022-01-27
22011,06,15,23,24,25,33,15,1445932371,4,10000000,125,239630,379627650,2022-01-25
22010,12,18,19,20,21,32,15,1396071026,7,7878499,139,181200,403819420,2022-01-23
22009,04,15,17,19,25,28,16,1375659920,1,10000000,266,112827,381172430,2022-01-20
22008,02,03,07,09,20,21,13,1295623770,3,10000000,132,179611,377713752,2022-01-18
22007,01,20,22,23,25,28,16,1254497537,3,10000000,81,459735,417998504,2022-01-16
22006,03,06,09,15,22,31,02,1172781808,7,7682542,173,135677,389820756,2022-01-13
22005,07,10,12,16,19,31,16,1156142875,2,10000000,74,379503,388503758,2022-01-11
22004,05,19,24,28,30,32,14,1091893203,9,6141105,62,207055,441401912,2022-01-09
22003,02,05,16,17,18,30,06,1108650848,7,7708412,181,130931,410382612,2022-01-06
22002,02,12,21,23,25,31,08,1091513907,9,7295582,134,192726,408646714,2022-01-04
22001,06,13,15,17,20,21,03,1079698248,4,10000000,83,389050,447434510,2022-01-02
21150,09,14,20,21,24,26,04,1022824601,37,5660828,239,127879,456402254,2021-12-30
21149,05,10,15,18,19,32,05,1140585301,8,7864325,103,278089,425925826,2021-12-28
21148,10,12,15,17,19,20,08,1117570138,8,7622855,175,149877,459686850,2021-12-26
21147,05,10,11,13,27,28,09,1099867308,13,6608176,194,134705,457370132,2021-12-23
21146,07,09,21,22,26,32,03,1107375000,6,9424198,103,322150,480619582,2021-12-21
21145,04,07,10,14,16,26,09,1064375720,10,7832457,159,222677,517254362,2021-12-19
21144,02,05,13,15,23,26,07,1036483149,5,9315997,172,156831,483556078,2021-12-16
21143,01,09,11,13,20,29,09,1002138181,41,5571480,158,185369,475857912,2021-12-14
21142,04,07,17,19,20,24,16,1142703731,8,8791842,227,167041,509166454,2021-12-12
21141,01,14,19,23,26,30,10,1099283201,7,8542650,132,234834,483132724,2021-12-09
21140,05,10,16,26,27,33,01,1066087178,20,6366303,694,49218,479975520,2021-12-07
21139,12,14,19,23,24,27,01,1090940461,14,7490724,193,225842,531219172,2021-12-05
21138,11,14,15,16,27,32,09,1065047563,20,5685347,123,139298,486491502,2021-12-02
21137,03,07,10,14,21,24,01,1127353431,19,6420588,274,123134,474456734,2021-11-30
21136,02,06,09,15,19,28,16,1148127692,10,7908192,319,113957,517068910,2021-11-28
21135,03,10,17,19,21,31,04,1118152404,1,10000000,124,303985,486663630,2021-11-25
21134,01,02,16,19,25,31,08,1015069784,11,7491866,109,314340,472467398,2021-11-23
21133,01,03,12,19,27,31,10,994690824,12,7465121,171,216238,511607016,2021-11-21
21132,01,04,06,14,20,28,08,973341811,6,7775391,171,121727,490071244,2021-11-18
21131,08,11,18,19,20,24,01,957547844,6,9453797,116,287961,465860738,2021-11-16
21130,08,09,15,24,26,30,06,914060182,12,6336861,155,129373,398037824,2021-11-14
21129,04,15,21,27,28,29,10,929943762,5,7512285,139,112962,365299936,2021-11-11
21128,05,17,20,21,23,33,04,920399839,3,10000000,66,369015,349441520,2021-11-09
21127,07,15,16,20,27,29,07,877334837,10,6816913,96,236577,365976552,2021-11-07
21126,19,20,23,27,28,31,01,877369730,6,8689696,90,307474,358964852,2021-11-04
21125,14,19,20,23,24,31,09,846489745,4,8898474,84,232052,354978672,2021-11-02
21124,01,03,18,22,29,32,02,823606529,8,7956250,117,252670,394848530,2021-10-31
21123,06,14,15,19,29,31,05,798569016,6,8473913,207,125866,366471258,2021-10-28
21122,04,05,12,15,18,28,07,771249437,5,8231591,91,221949,360872924,2021-10-26
21121,04,05,12,16,22,30,15,751815051,7,7721874,205,116177,390361524,2021-10-24
21120,01,07,08,12,13,18,05,734418962,40,5268563,496,27072,355518696,2021-10-21
21119,03,09,10,11,28,29,13,904876996,15,6354639,356,71346,356935346,2021-10-19
21118,02,06,14,18,20,31,13,923998119,6,8460209,126,205964,386079710,2021-10-17
21117,03,05,17,21,27,33,04,896904658,10,6782803,101,220644,358589610,2021-10-14
21116,06,14,17,18,31,33,06,897877549,3,10000000,46,552161,355338790,2021-10-12
21115,02,10,12,15,24,27,08,851679247,5,7857682,100,178605,380172848,2021-10-10